365666656666663643255166461566663311644233511346643143612612
366363413622365252251666634655236216661532215646142663162665
663364652562666146216436114332161356146434153521232621554463
145461166561224246236646251116666666126665662663164551166163
346641225656131615611513215345544666643145563666656613145653
353366666666666454622256636623345442346544613415334351553634
612414624434543566616466345624251451524525455663263663665646
326666326616622166666665361653125534662131166644441622645646
536133226152664613235352666666262433162465466336166216266465
532636354313515213266531254545263611143112553542551632236634
641243513464526466465621536425462666461421354236326631463635
612233543351611446536433334324633643122564611616433634441524
112515441434125612321231631643646256452266366166666161325145
213651255535555256543333662555466346234426652121435346563644
563245143144463662532366114632155143163266241625245353464446
644324512544341342626534456161213416425231516616666221165562
642565663243443236651262146216526133646642224532541343525221
544242612113555141233643421631316253345345221441523333261241
156125413126622562466436343366326441141254624561652636462635
516666664154226546663563264663341322562355636141516225226566
451456251655626165562464113133646562626516663152612425336452
416666622413321266616656645224411264153653235163234665546366
613366263666124116532616666462666163556243362615625465415662
653452266514616162366131566662633263423466232555645521424341
221215611564622163326424634113326414343623661565125626415261
622664252531433311436555626632216213632156663214634513216624
342455111513414666626621426654625561334362516663532635612424
326323553464354625362436633631661211625321426552126466536652
661656261615466634662263422425633136126652111624615323623563
526441635313463412124136413253552155546546166436314132344256
663665666626666161336234346156666241223165113315121435551166
466633622451366666261351646164365664466346136663436466516216
224136641666453526164224312356133535166431465642566626424122
253336361565445615156533246145125361364552351665615465412326
115342611356535621425213364654646435666415146362155622146664
666614164564613541254125543634356663324444451515632626351231
524112161165666665316656421266624142336255445645625646354521
613265214226155511331566662634226662342566546642356662626416
666266544666143463555262663234346156542645524562213665556121
264666664366645653561455643456212552443552454664563625661252
252366654364366355566534532642536263616325211144543456456653
663166636624212641624313321526524262441363242364566336166446
634644236225625511142212146663636666326325416416543154535542
531112432324425546666314642663663424432363564334552364536613
456641356215515113463342145112121425356441211221432614515462
641112154242125411631165353444231123554335126636624121466542
235666666365263366636344261562566361533551231244641232636514
425531614425245261456563666626466655662316441365661324344455
562465236551255534644516665462666546323415541553514466134424
633515523211664511425631134122516563116635632132664116636626
121354563215113662366662121624532213566341356552525455635226
263224654466115365561124356423146642156616663664646113326451
234221222515111632225212433245422533242352516522644156261212
663135623666565664215436223516424665312436525356661215636442
266616632644263331236615362145666666633662165324553514642313
226662616351564222226531643444511362363441322646133124112452
542566516556455351165154615645652366466154621313636666363665
664133434535464243641562132652122566663363261624354334461656
161455331426611452641214226355555526322446226353666143666231
665365136226435314451153122366244422223426311436251363666656
355615166116166666666146162664146136566566661653263656466634
335431512156361121611136262566144156246262566112136235316415
342626665611111445525456126135616356261652565454661521462561
261611664646665222656535533111114463666155211351666452561442
243623411564616666325362266656666636662211266334631446146653
353245163121534126552356666626566411651515244151126342621263
165126525121466564512663364263516661666336663664661522466266
631314124345545651513612233141316436252656363522142246136216
663661266551645616662666514366362256656235662312351411534533
465562326366634616624641643362166365646646146262522326636643
136436243613666432522226353661161456663643323316465614246166
326646642516236256662561663666444235456232461565636112363653
365411562123646662666151613436626666652666356352262235536663
433226353251316132364661123633151236462521352433544542325246
624556341513251162113445543144654124555325326324416456261212
331653335222634314645231155415661566664613666252556413664243
464424134624233436646521165132463553533243261222466641642126
612231666266551565355616662462663652626241536566645366366612
443564156453436632635344453526666162352346636163164212634636
343666334656651666165663446643126644666656526133413162131252
113266651436241462615132535536633415264446522642563646266634
513336666335466666646656462632653512456661642626652653656246
234116665153626566115431624263534564623124662625252554325531
653363646615165216666566222144231215411661445442412332533665
521245353545551122665124424341114216661646663663661242166443
441566652253262432334546644162525455314431251324266463253351
146662613461336166446116226261213321621533132613362666566122
462543636624125232541234454162625213514331422466615345665642
666663661211122534265616332646345654664661443226331114431432
441653456636656616242666655345211625366335541311636166141362
656662625661535631125623161335642554133663233562232126613616
365452116125245541311666252313666656614545326664321651115364
512422423313141621162161113631163524354441346115321133122262
524151654366353554524255512115354212264524323514564464435611
341234135342466463342662663362624656255516624164413656641556
256141653612522115661666566666465464666664666434413665666426
666524311366114164562532241323442226421451654413454422653616
526413526262641313423131522444124422615616636435444443143462
626335456326645561522353154231663212331664426645666432622162
664154151121613416223346441565641236232155132262341562443163
